Session: 2025-03-02_11-12-34
ID,Quantity
4,5
7,10
8,18
11,42
15,5
22,7
25,36
29,22
47,38
49,49
54,23
54,35
59,31
82,1
95,13
-------------------------------------
Session: 2025-03-02_11-17-12
ID,Quantity
6,36
24,28
29,31
29,11
33,35
39,48
48,5
54,38
72,34
81,3
81,5
90,6
92,26
94,49
98,31
-------------------------------------
Session: 2025-03-02_11-17-38
ID,Quantity
4,16
6,13
8,50
15,40
15,5
29,4
35,10
36,36
36,35
38,24
54,49
54,26
96,14
99,41
100,32
-------------------------------------
Session: 2025-03-02_11-17-46
ID,Quantity
14,47
16,13
32,23
32,42
33,45
35,11
40,7
41,23
43,39
69,46
82,42
86,38
91,19
92,13
97,49
-------------------------------------
Session: 2025-03-02_11-24-26
ID,Quantity
11,18
18,3
25,48
30,4
48,48
55,36
57,27
60,26
74,8
75,21
89,18
89,35
93,30
94,23
98,29
-------------------------------------
Session: 2025-03-02_11-24-55
ID,Quantity
14,29
14,36
20,2
30,48
34,16
51,34
60,11
60,28
61,13
61,25
62,29
68,50
70,41
71,9
87,28
-------------------------------------
Session: 2025-03-02_11-26-04
ID,Quantity
7,11
20,36
30,43
41,14
44,38
46,4
54,27
60,24
75,7
76,27
78,31
84,41
95,11
96,44
96,42
-------------------------------------
Session: 2025-03-02_11-26-40
ID,Quantity
15,28
15,38
24,20
24,25
24,47
26,41
37,39
37,23
44,9
49,49
51,1
52,19
55,49
91,44
93,4
-------------------------------------
Session: 2025-03-02_11-26-48
ID,Quantity
16,35
17,18
79,41
97,42
-------------------------------------
Session: 2025-03-02_11-28-12
ID,Quantity
16,9
-------------------------------------
